[1.2891785e-05]
[7.8357317e-07]
[5.918085e-07]
[6.375639e-07]
[1.1072777e-06]
[2.1563035e-07]
[1.1668752e-07]
[6.172449e-07]
[2.6432435e-06]
[5.6970807e-06]
[1.3596982e-06]
[5.6958896e-07]
[4.3272025e-06]
[4.8439877e-05]
[0.00041577]
[4.487062e-05]
[2.0627987e-05]
[2.8224765e-06]
[1.9481078e-05]
[1.6924432e-05]
[1.6637374e-05]
[2.3885097e-05]
[9.579562e-06]
[1.7677772e-05]
[1.6785159e-06]
[3.8877548e-07]
[2.2853888e-07]
[1.842006e-07]
[3.2290552e-07]
[2.1945727e-06]
[1.9169971e-05]
[3.4073848e-05]
[3.959155e-06]
[1.2056363e-06]
[2.8937146e-07]
[1.0823205e-07]
[5.627002e-08]
[9.7592824e-08]
[6.389109e-08]
[7.515657e-08]
[1.7398458e-08]
[7.039733e-08]
[1.9676366e-07]
[5.9739165e-07]
[1.3739243e-06]
[2.0690834e-06]
[6.6769253e-06]
[4.9579667e-06]
[6.3231073e-06]
[1.8589046e-05]
[5.9156453e-05]
[8.747346e-05]
[5.8163165e-05]
[4.7530608e-05]
[0.00027603]
[0.000658]
[0.00105411]
[0.00081091]
[0.00080888]
[0.0007078]
[0.00078814]
[0.00044019]
[0.00031195]
[0.00026791]
[0.00023677]
[0.00034028]
[0.00016105]
[9.890664e-05]
[0.00011064]
[8.096108e-05]
[0.00018087]
[0.00012695]
[4.282977e-05]
[3.2132004e-05]
[3.371532e-05]
[4.934372e-05]
[7.840319e-05]
[0.00012217]
[0.00016891]
[0.00019517]
[0.00027216]
[0.00041169]
[0.00020651]
[0.00010643]
[9.384401e-05]
[7.6347365e-05]
[8.3676736e-05]
[0.00013515]
[7.6065626e-05]
[8.767547e-05]
[0.00013314]
[0.00047653]
[0.00150582]
[0.00132943]
[0.00033781]
[0.00015897]
[0.00013466]
[8.22175e-05]
[5.9895923e-05]
[6.365784e-05]
[6.967031e-05]
[5.9411024e-05]
[3.814641e-05]
[3.8908507e-05]
[2.6553545e-05]
[4.1295483e-05]
[0.00010523]
[0.00016318]
[0.0002008]
[0.00033132]
[0.00048571]
[0.00046753]
[0.00021677]
[0.00041109]
[0.00085206]
[0.00071048]
[0.00033994]
[0.00012355]
[6.470416e-05]
[5.985247e-05]
[0.00016676]
[0.00046203]
[0.00076002]
[0.00119323]
[0.00101508]
[0.00109527]
[0.00190497]
[0.00181705]
[0.00210367]
[0.00115613]
[0.00037141]
[0.00015378]
[3.0476556e-05]
[2.1483143e-05]
[1.5776723e-05]
[2.0831725e-05]
[3.1497646e-05]
[7.9865385e-05]
[0.00015597]
[0.00024949]
[0.00024911]
[0.00039375]
[0.00022294]
[0.00011148]
[4.426452e-05]
[5.674637e-05]
[6.756898e-05]
[0.00012894]
[0.00022058]
[0.00018064]
[0.00011076]
[5.1892053e-05]
[5.7106667e-05]
[0.00015446]
[0.00020642]
[0.00041619]
[0.00048041]
[0.00033653]
[0.00026992]
[0.00021587]
[0.00023448]
[0.00018573]
[0.00017452]
[0.00036093]
[0.00030958]
[0.00026369]
[0.00036216]
[0.00034477]
[0.00055242]
[0.00060047]
[0.0003101]
[9.7918375e-05]
[3.242375e-05]
[9.621859e-05]
[0.00024517]
[0.00021573]
[8.733303e-05]
[5.46437e-05]
[6.487314e-05]
[0.00023365]
[0.00074906]
[0.00102823]
[0.00017893]
[5.4020406e-05]
[1.9642652e-05]
[2.5569147e-05]
[2.7810653e-05]
[4.2362553e-05]
[0.00012787]
[0.00048233]
[0.00040103]
[0.00020073]
[9.857699e-05]
[0.00015723]
[0.00029662]
[0.00030925]
[0.00029635]
[0.00030337]
[0.00025821]
[0.00027521]
[0.00014836]
[0.00015259]
[6.887286e-05]
[5.9456477e-05]
[6.102986e-05]
[6.57858e-05]
[4.7352805e-05]
[2.2542243e-05]
[2.6788972e-05]
[4.8236318e-05]
[3.5942372e-05]
[1.809001e-05]
[3.4120205e-06]
[1.8196899e-06]
[2.3415323e-06]
[4.2416905e-06]
[1.9765846e-05]
[4.7706708e-05]
[7.8185105e-05]
[6.8461835e-05]
[8.1596554e-05]
[7.928353e-05]
[4.9190083e-05]
[7.319479e-05]
[0.00015753]
[0.00017476]
[0.00010054]
[3.1931984e-05]
[4.5944413e-05]
[8.417196e-05]
[0.00016998]
[0.0004162]
[0.00037331]
[0.00021857]
[9.294212e-05]
[6.916891e-05]
[0.00011244]
[0.00015252]
[9.767311e-05]
[9.554502e-05]
[0.00013718]
[0.00012076]
[8.38053e-05]
[0.00016253]
[0.00012967]
[8.658696e-05]
[9.620777e-05]
[0.00015451]
[0.00028138]
[0.00043809]
[0.0004217]
[0.00013823]
[2.9181261e-05]
[4.348833e-05]
[0.00011455]
[0.00013493]
[0.00013262]
[8.2790255e-05]
[5.109051e-05]
[3.6781497e-05]
[4.2778713e-05]
[5.9095502e-05]
[0.00010605]
[5.6098506e-05]
[2.8860695e-05]
[7.6673705e-06]
[6.0697616e-06]
[7.996346e-06]
[7.1907584e-06]
[1.8633684e-05]
[8.188434e-05]
[1.9577721e-05]
[1.4432504e-05]
[2.4083378e-05]
[1.8291885e-05]
[3.0980307e-05]
[7.21448e-05]
[7.507153e-05]
[4.9302937e-05]
[2.427835e-05]
[1.5637954e-05]
[0.00011445]
[0.00059597]
[0.00135505]
[0.00030961]
[3.0690135e-05]
[1.4486907e-06]
[2.3338842e-08]
[1.4657796e-07]
[6.854127e-07]
[9.353276e-07]
[1.5834097e-06]
[2.1094215e-06]
[1.1403961e-05]
[1.5057438e-05]
[8.307605e-06]
[1.0826972e-05]
[3.7975252e-07]
[9.4426355e-08]
[1.6378299e-07]
[3.717194e-07]
[2.4965636e-06]
[1.360431e-06]
[1.9723676e-07]
[1.457269e-07]
[1.5625703e-07]
[1.0527609e-06]
[4.663006e-06]
[2.4520692e-05]
[6.497158e-05]
[1.19000515e-05]
[1.2636176e-06]
[5.0181995e-07]
[7.5722755e-07]
[7.6994695e-07]
[9.904705e-07]
[1.5380796e-06]
[7.661947e-06]
[5.7140624e-06]
[7.1623426e-06]
[9.511338e-07]
[3.0000328e-07]
[2.8919233e-08]
[3.929997e-08]
[3.5047455e-07]
[6.0106845e-07]
[4.0105374e-06]
[4.603836e-06]
[3.3305635e-06]
[1.0541684e-06]
[9.385303e-08]
[4.238372e-08]
[9.40767e-08]
[7.792987e-08]
[3.4050893e-07]
[2.0519835e-06]
[1.5252533e-05]
[2.4814106e-05]
[0.00015246]
[0.00031802]
[0.00026101]
[6.915434e-05]
[7.927627e-05]
[0.00016378]
[0.00015864]
[0.00014835]
[0.00017463]
[0.00021447]
[0.00038332]
[0.00031734]
[0.00021684]
[9.237055e-05]
[4.8937614e-05]
[0.00010604]
[0.00030577]
[0.00079836]
[0.00093543]
[0.00055522]
[0.00049192]
[0.00019853]
[5.423017e-05]
[4.2712712e-05]
[8.118613e-05]
[7.461071e-05]
[7.4524236e-05]
[0.00013266]
[0.000227]
[0.00016477]
[0.00015493]
[0.00010517]
[5.932141e-05]
[5.7397996e-05]
[0.00021748]
[0.00049233]
[0.00068697]
[0.00064313]
[0.00075782]
[0.00080902]
[0.00044946]
[0.00012377]
[0.0001077]
[0.00013738]
[0.00028345]
[0.00029984]
[0.00040533]
[0.00030079]
[7.990889e-05]
[3.575769e-05]
[2.0806827e-05]
[9.644287e-06]
[7.2444263e-06]
[8.074586e-06]
[2.3975448e-05]
[5.372014e-05]
[9.95196e-05]
[0.00014509]
[0.00012078]
[0.00016759]
[0.00031417]
[0.00038711]
[0.00061529]
[0.00069114]
[0.00143604]
[0.0028224]
[0.00240454]
[0.00113573]
[0.0003893]
[0.00044204]
[0.00067414]
[0.00060199]
[0.00056019]
[0.00033222]
[0.00010859]
[0.00011676]
[0.00015938]
[0.00034861]
[0.00031045]
[0.00062125]
[0.00060444]
[0.00061231]
[0.00054522]
[0.00056763]
[5.2205796e-05]
[1.4619613e-05]
[4.7792114e-06]
[6.914727e-06]
[7.132099e-06]
[3.2761105e-05]
[8.695691e-05]
[0.00024479]
[0.00023463]
[0.00013243]
[1.8791776e-05]
[2.2616076e-05]
[4.333057e-05]
[0.00011545]
[0.00011024]
[0.00016127]
[0.00030566]
[0.00016587]
[0.00020678]
[0.00023975]
[0.00052064]
[0.0007928]
[0.00115418]
[0.0012603]
[0.00085934]
[0.00055681]
[0.00033921]
[0.00019263]
[0.00022884]
[0.00013053]
[7.486728e-05]
[0.00013968]
[0.00015892]
[0.00031142]
[0.00037292]
[0.00064481]
[0.0004467]
[0.00026725]
[0.00024878]
[0.00019607]
[9.865693e-05]
[5.8554117e-05]
[1.9637275e-05]
[2.199922e-05]
[3.1363725e-05]
[5.502123e-05]
[4.357659e-05]
[4.391437e-05]
[9.546733e-05]
[0.00018389]
[0.00019034]
[0.00016105]
[0.00013563]
[0.00012484]
[8.0119404e-05]
[0.00014726]
[0.00019968]
[0.00038583]
[0.00056698]
[0.00070994]
[0.0004108]
[0.00010841]
[7.933298e-05]
[5.8191512e-05]
[8.387078e-05]
[4.3211556e-05]
[3.6069247e-05]
[3.7496124e-05]
[6.535398e-05]
[0.00019963]
[0.00025126]
[0.00021716]
[0.00015368]
[9.464041e-05]
[8.055208e-05]
[3.7659353e-05]
[1.5383319e-05]
[1.7071408e-05]
[2.391076e-05]
[2.9342638e-05]
[2.8935021e-05]
[2.1452312e-05]
[2.565999e-05]
[2.619394e-05]
[1.5996338e-05]
[3.2608289e-06]
[3.1238767e-06]
[4.4110425e-06]
[2.1328022e-05]
[0.0001047]
[0.00039405]
[0.00024779]
[0.00051552]
[0.00047407]
[0.00061297]
[0.00095225]
[0.00169683]
[0.00146084]
[0.00100472]
[0.00043511]
[0.00039705]
[0.00013563]
[0.00011693]
[0.00013416]
[0.00015395]
[0.00023149]
[0.00023074]
[0.00033843]
[0.00019234]
[0.00034646]
[0.00010108]
[5.3119536e-05]
[6.582107e-05]
[0.00020574]
[0.00028199]
[0.00019781]
[0.0001551]
[0.00011411]
[6.9395464e-05]
[0.00015934]
[0.00021679]
[0.00052344]
[8.871852e-05]
[4.814597e-05]
[1.6715285e-05]
[9.134455e-06]
[1.2832528e-05]
[5.4876414e-06]
[2.9149583e-06]
[7.1545874e-06]
[6.873967e-05]
[0.00026814]
[0.00020818]
[7.3202464e-05]
[2.2111262e-05]
[1.0804013e-05]
[6.324097e-06]
[1.8699051e-06]
[3.2204887e-06]
[2.1301487e-06]
[2.0216778e-06]
[1.8047681e-06]
[2.020237e-05]
[2.9792485e-05]
[5.3096774e-06]
[6.95245e-06]
[2.4685729e-05]
[2.5595447e-05]
[7.2003263e-07]
[6.170289e-08]
[7.13636e-07]
[2.6639733e-05]
[0.00032317]
[0.00036027]
[5.0768555e-05]
[3.556327e-05]
[5.9132086e-05]
[5.4345357e-05]
[1.0432796e-05]
[1.8237725e-06]
[9.265422e-08]
[2.0398943e-08]
[7.785262e-08]
[7.994927e-06]
[6.8047615e-05]
[6.659645e-05]
[0.0001294]
[3.0728468e-05]
[7.688121e-06]
[7.179206e-06]
[3.5148146e-06]
[6.387577e-06]
[4.9059196e-05]
[0.0008442]
[0.00051987]
[2.160607e-05]
[2.899244e-06]
[2.1093642e-07]
[1.4182795e-07]
[5.27567e-07]
[1.7772503e-06]
[1.0706082e-05]
[1.28151505e-05]
[1.1382025e-05]
[1.1942447e-05]
[8.091422e-07]
[2.94254e-07]
[9.5216514e-08]
[2.2136382e-08]
[1.673436e-08]
[1.3082119e-08]
[2.3674428e-08]
[2.3479442e-08]
[4.3661785e-08]
[4.939542e-08]
[3.2068545e-08]
[2.4891813e-07]
[6.375317e-07]
[1.6237101e-06]
[5.3931485e-06]
[3.6601893e-06]
[6.828474e-06]
[1.4887467e-05]
[2.3142124e-05]
[7.697709e-05]
[0.00013593]
[0.00024823]
[0.00034988]
[0.00028453]
[0.00053982]
[0.00146021]
[0.00081432]
[0.00047414]
[0.00019821]
[0.00037837]
[0.00065657]
[0.00053226]
[0.00030994]
[0.00019795]
[0.00013374]
[0.00019254]
[6.33284e-05]
[3.9643845e-05]
[2.6293523e-05]
[8.046794e-05]
[8.5187785e-05]
[0.00017283]
[0.00011929]
[0.0001678]
[0.00027562]
[0.00066451]
[0.00086797]
[0.0012165]
[0.00076843]
[0.00051562]
[0.00015067]
[2.2641714e-05]
[3.6857248e-06]
[2.3082598e-06]
[1.824008e-05]
[0.00010147]
[0.0002171]
[0.0002673]
[0.00029181]
[0.00030035]
[0.00025226]
[0.0002953]
[0.00035673]
[0.00045105]
[0.00050412]
[0.00028426]
[0.00011514]
[4.4844564e-05]
[3.9723844e-05]
[2.875915e-05]
[1.9083584e-05]
[1.9607542e-05]
[1.4953348e-05]
[2.6893485e-05]
[2.8668786e-05]
[2.6334601e-05]
[4.920017e-05]
[0.00011349]
[0.00018975]
[0.00042742]
[0.00091042]
[0.00111513]
[0.00022274]
[0.0002211]
[0.00027318]
[0.00030021]
[0.00044562]
[0.00038377]
[0.00057867]
[0.00098221]
[0.00055801]
[0.00057513]
[0.00036197]
[0.00049197]
[0.00026695]
[0.00023146]
[0.00044783]
[0.00101572]
[0.00224821]
[0.00118868]
[0.00076626]
[0.0004361]
[0.00019581]
[0.00012053]
[0.00010478]
[5.0647275e-05]
[3.6577363e-05]
[4.468414e-05]
[0.00014753]
[0.00019461]
[0.00014699]
[4.4569533e-05]
[2.9858671e-05]
[4.704449e-05]
[9.5507494e-05]
[3.7204478e-05]
[2.6457747e-05]
[2.9439421e-05]
[4.7943366e-05]
[4.7067104e-05]
[0.00014739]
[0.00022661]
[0.00028942]
[0.00021773]
[0.0004599]
[0.00082903]
[0.00079291]
[0.00056429]
[0.00056169]
[0.00026357]
[0.00039869]
[0.00044823]
[0.00022119]
[8.234272e-05]
[7.917299e-05]
[0.00022799]
[0.00037093]
[0.00024477]
[0.00018951]
[0.00013685]
[0.00021264]
[0.00037023]
[0.00057375]
[0.00021104]
[0.00013333]
[9.519009e-05]
[8.506293e-05]
[8.581977e-05]
[0.00011468]
[9.282184e-05]
[0.00011101]
[0.00010113]
[8.355857e-05]
[2.6885893e-05]
[2.6973441e-05]
[5.744065e-05]
[0.00015501]
[0.0002769]
[0.00018355]
[8.683403e-05]
[9.184733e-05]
[0.00013473]
[0.00017368]
[8.362728e-05]
[4.673644e-05]
[4.384633e-05]
[6.93641e-05]
[0.00016113]
[0.00037117]
[0.00030939]
[0.00015071]
[8.5486114e-05]
[4.9551574e-05]
[5.0055052e-05]
[9.1740985e-05]
[9.363922e-05]
[9.483347e-05]
[3.7928115e-05]
[3.125495e-05]
[2.368287e-05]
[2.784446e-05]
[2.5763073e-05]
[1.8159979e-05]
[1.4797754e-05]
[3.8730628e-05]
[4.05328e-05]
[1.8194649e-05]
[7.9899355e-06]
[1.1908328e-05]
[2.7028622e-05]
[3.113726e-05]
[3.9180053e-05]
[9.424749e-05]
[0.00023988]
[0.00035117]
[0.00065641]
[0.00071344]
[0.00064738]
[0.00027369]
[0.0001941]
[0.00011201]
[0.00014027]
[0.00032411]
[0.00083552]
[0.00120604]
[0.00157048]
[0.00124504]
[0.00064022]
[0.00028276]
[0.00015845]
[0.00011024]
[6.8778805e-05]
[4.9126516e-05]
[3.2188866e-05]
[1.9741374e-05]
[1.246724e-05]
[3.6144756e-05]
[9.3080314e-05]
[0.00018845]
[0.00047699]
[0.00027173]
[0.00037189]
[0.00032354]
[0.00013328]
[3.138811e-05]
[1.9516483e-05]
[2.1618084e-06]
[1.5289187e-06]
[1.8254397e-06]
[2.1437445e-05]
[7.367904e-05]
[6.585183e-05]
[4.2049214e-05]
[3.4789835e-05]
[4.2005853e-05]
[5.444682e-05]
[1.2725176e-05]
[0.00010638]
[1.6372662e-05]
[2.8454924e-06]
[1.7666127e-06]
[7.386964e-06]
[6.797387e-05]
[1.7046015e-05]
[2.3037399e-05]
[7.091298e-06]
[3.2455184e-06]
[4.9341415e-06]
[3.213837e-06]
[2.774148e-06]
[1.9692843e-06]
[9.559649e-06]
[9.529789e-05]
[8.139924e-05]
[0.00010268]
[2.6639875e-06]
[2.7886122e-06]
[2.6552016e-06]
[2.5785462e-06]
[1.069979e-06]
[1.1072714e-06]
[7.3689756e-07]
[5.1381908e-06]
[1.9163646e-05]
[0.00010492]
[0.00026686]
[0.00022013]
[7.547185e-05]
[3.7105056e-05]
[1.8740935e-06]
[1.0262203e-06]
[8.23704e-07]
[1.9765507e-06]
[6.342093e-05]
[0.00019399]
[0.00017507]
[6.26781e-05]
[7.652638e-05]
[0.00010889]
[7.186677e-05]
[1.883198e-05]
[9.003145e-06]
[2.5191312e-06]
[2.2729482e-06]
[3.25142e-06]
[1.5483728e-06]
[5.906143e-07]
[3.786513e-07]
[1.3489597e-07]
[1.3788069e-07]
[2.616805e-07]
[4.4860843e-07]
[8.764315e-08]
[4.659827e-08]
[7.155272e-08]
[1.559056e-07]
[8.257137e-08]
[4.1083474e-08]
[6.213206e-08]
[7.0465023e-07]
[3.1730556e-06]
[1.2574095e-05]
[8.040506e-06]
[2.8626278e-05]
[3.2054177e-05]
[2.7006647e-05]
[2.7563829e-05]
[2.9035666e-05]
[1.9494162e-05]
[4.754652e-05]
[7.951195e-05]
[0.00029924]
[0.00031492]
[0.00032518]
[0.00044359]
[0.00032577]
[0.00022551]
[0.00021771]
[0.00012171]
[0.00029724]
[0.00054237]
[0.00120038]
[0.00165887]
[0.00130848]
[0.00071888]
[0.00027815]
[0.00010771]
[4.5174424e-05]
[9.099633e-06]
[1.1778375e-05]
[4.379472e-05]
[0.00010066]
[0.00022642]
[0.00035231]
[0.0006165]
[0.00086829]
[0.00120816]
[0.00045317]
[0.00015501]
[0.00012982]
[0.00010113]
[8.3141524e-05]
[0.00012767]
[0.00015523]
[0.000112]
[0.0001317]
[0.00011284]
[0.00010877]
[7.281148e-05]
[0.0001074]
[0.00023231]
[0.00055281]
[0.00049136]
[0.00031948]
[0.00014848]
[0.00018372]
[0.00012683]
[5.7498248e-05]
[2.1740127e-05]
[2.8211145e-05]
[5.0935614e-05]
[8.7193635e-05]
[0.00011982]
[9.3399154e-05]
[0.00010474]
[0.00015262]
[0.00029883]
[0.00047006]
[0.00040004]
[0.00054222]
[0.00073414]
[0.00078874]
[0.00065419]
[0.00069292]
[0.00123997]
[0.00048006]
[0.00022917]
[0.00020408]
[0.00015205]
[0.00019647]
[0.00018191]
[0.00031098]
[0.00081681]
[0.00099221]
[0.00113477]
[0.00054479]
[0.00023188]
[0.00027429]
[0.00016686]
[9.739549e-05]
[0.00012727]
[0.00014272]
[0.00024532]
[0.00010212]
[3.1796153e-05]
[2.2132654e-05]
[3.018822e-05]
[0.00010683]
[8.520647e-05]
[7.624544e-05]
[0.00014831]
[0.0002194]
[0.00023846]
[0.00043483]
[0.00060735]
[0.00111649]
[0.00112074]
[0.00110353]
[0.00039359]
[0.00018465]
[0.0001257]
[0.00010798]
[9.3435054e-05]
[0.00024983]
[0.00030418]
[0.00039343]
[0.00014396]
[8.731254e-05]
[6.173485e-05]
[9.287134e-05]
[0.00011602]
[0.00012955]
[0.00017368]
[0.00014803]
[0.00011393]
[5.132001e-05]
[2.7036202e-05]
[3.798679e-05]
[3.8183316e-05]
[3.803645e-05]
[3.252232e-05]
[2.3176866e-05]
[3.221638e-05]
[2.1818241e-05]
[1.547391e-05]
[1.2733127e-05]
[1.4456294e-05]
[3.084235e-05]
[6.216018e-05]
[6.0898587e-05]
[6.2579435e-05]
[5.945529e-05]
[0.00010933]
[8.076259e-05]
[2.2002681e-05]
[1.3303534e-05]
[2.3537103e-05]
[2.6364152e-05]
[2.3843291e-05]
[1.231147e-05]
[1.4790517e-05]
[2.3660701e-05]
[2.6958218e-05]
[3.3751094e-05]
[2.6901307e-05]
[5.323358e-05]
[9.529134e-05]
[9.972327e-05]
[0.00012942]
[0.00010461]
[0.00012748]
[0.00011288]
[6.7052846e-05]
[3.3456945e-05]
[3.3322412e-05]
[4.0261057e-05]
[4.622458e-05]
[3.929958e-05]
[3.1052183e-05]
[3.420277e-05]
[3.214966e-05]
[3.860242e-05]
[6.805449e-05]
[6.676528e-05]
[6.999274e-05]
[3.948594e-05]
[2.8444712e-05]
[3.0065139e-05]
[3.1769934e-05]
[3.1052452e-05]
[2.6334375e-05]
[1.6993215e-05]
[1.9714978e-05]
[2.0113306e-05]
[4.277316e-05]
[7.812109e-05]
[0.00013305]
[0.00018304]
[0.00025933]
[0.00014031]
[0.00013554]
[6.879265e-05]
[2.9408386e-05]
[1.5705224e-05]
[3.115455e-05]
[4.561746e-05]
[2.9714512e-05]
[2.0751124e-05]
[1.3041149e-05]
[8.376012e-06]
[6.6797597e-06]
[4.0898285e-06]
[8.668075e-06]
[2.613291e-05]
[4.1274896e-05]
[3.193643e-05]
[1.2591819e-05]
[2.7443806e-05]
[3.3080385e-05]
[3.7212994e-05]
[3.3847824e-05]
[4.30431e-05]
[6.591183e-05]
[3.3581062e-05]
[9.555966e-06]
[1.0511533e-05]
[7.853516e-06]
[9.242349e-06]
[1.4330765e-05]
[1.0441177e-05]
[7.757477e-06]
[1.35956425e-05]
[6.3130814e-05]
[8.542719e-05]
[3.125951e-05]
[5.6138606e-06]
[1.2899665e-06]
[1.7413535e-06]
[4.3907457e-06]
[8.5571355e-06]
[3.5156124e-06]
[2.913813e-06]
[2.3244074e-06]
[8.477393e-07]
[4.3964465e-07]
[1.2194838e-06]
[2.8036463e-06]
[5.2138366e-06]
[1.6371756e-05]
[0.00011339]
[0.00016024]
[5.2953947e-05]
[6.6061516e-06]
[3.509057e-06]
[1.43431525e-05]
[4.6247063e-05]
[2.8916616e-06]
[1.5208274e-06]
[1.7238635e-06]
[4.735358e-08]
[7.8049585e-09]
[1.9166324e-08]
[5.570395e-07]
[7.3053266e-06]
[7.5288513e-06]
[5.765071e-06]
[1.141036e-06]
[9.293656e-06]
[0.00019646]
[2.4873952e-05]
[7.4432887e-06]
[3.3793103e-06]
[4.146919e-06]
[8.132345e-06]
[4.6049377e-06]
[8.315166e-06]
[4.627725e-06]
[3.0299032e-06]
[4.393602e-06]
[5.5079244e-07]
[1.9574122e-07]
[8.8658464e-07]
[2.3670086e-06]
[2.0411414e-06]
[1.0166633e-06]
[1.231995e-06]
[4.064807e-06]
[4.6346013e-06]
[4.3596688e-06]
[2.0997695e-06]
[2.1538713e-06]
[3.5416788e-06]
[6.1796213e-06]
[6.471049e-06]
[4.8096717e-06]
[3.8075625e-06]
[6.335433e-06]
[2.8106256e-06]
[1.4787223e-06]
[1.2229475e-06]
[1.5215962e-06]
[1.7005675e-06]
[2.9170021e-06]
[5.85927e-06]
[6.155283e-06]
[4.839658e-06]
[4.898289e-06]
[4.4758976e-06]
[3.6277802e-06]
[2.9777075e-06]
[2.7161386e-06]
[3.289919e-06]
[3.4701802e-06]
[4.74984e-06]
[4.182374e-06]
[3.7283528e-06]
[6.3539064e-06]
[7.803183e-06]
[1.0017648e-05]
[1.0305914e-05]
[6.490035e-06]
[7.342351e-06]
[9.530938e-06]
[1.5455564e-05]
[1.4793718e-05]
[1.2416776e-05]
[1.2856046e-05]
[1.0276363e-05]
[1.2161554e-05]
[1.4867761e-05]
[1.3626354e-05]
[1.2755344e-05]
[1.4724413e-05]
[1.4313609e-05]
[1.3561612e-05]
[1.0483613e-05]
[7.5937064e-06]
[1.4272813e-05]
[1.7678969e-05]
[1.3942294e-05]
[1.0927696e-05]
[1.37705765e-05]
[7.2658477e-06]
[2.6740697e-06]
[2.0438745e-06]
[4.376085e-06]
[1.1296046e-05]
[1.9515777e-05]
[3.273278e-05]
[2.5857269e-05]
[1.5454132e-05]
[2.0479547e-05]
[2.9231896e-05]
[3.632839e-05]
[3.1542735e-05]
[2.7514929e-05]
[4.389674e-05]
[3.7241538e-05]
[4.562655e-05]
[3.4158078e-05]
[1.8913619e-05]
[3.994497e-05]
[3.7249352e-05]
[4.7516467e-05]
[6.6887565e-05]
[6.241857e-05]
[0.00011964]
[7.873375e-05]
[4.880693e-05]
[5.3781907e-05]
[3.600663e-05]
[5.4252258e-05]
[6.171636e-05]
[0.00010076]
[0.00013674]
[8.231297e-05]
[6.624049e-05]
[3.7990485e-05]
[2.2980568e-05]
[1.4424716e-05]
[1.8977831e-05]
[2.3842631e-05]
[2.8523518e-05]
[2.1919057e-05]
[3.346521e-05]
[2.325677e-05]
[1.19939905e-05]
[9.722255e-06]
[1.7475306e-05]
[2.6910673e-05]
[3.987555e-05]
[3.068033e-05]
[3.9828385e-05]
[3.3819462e-05]
[2.827309e-05]
[9.694792e-06]
[7.4066943e-06]
[5.498417e-06]
[6.151791e-06]
[5.6422055e-06]
[5.7707202e-06]
[4.6017462e-06]
[6.8428353e-06]
[9.724295e-06]
[1.15451985e-05]
[1.2709774e-05]
[8.876966e-06]
[8.065612e-06]
[1.2888516e-05]
[1.1294075e-05]
[1.0332662e-05]
[4.3729856e-06]
[4.6644564e-06]
[6.4262963e-06]
[7.671854e-06]
[1.2867883e-05]
[6.4715855e-06]
[1.2185248e-05]
[2.0494335e-05]
[2.8464252e-05]
[3.386213e-05]
[1.7305483e-05]
[1.6735525e-05]
[1.034544e-05]
[6.9113507e-06]
[1.7219712e-05]
[1.9406853e-05]
[1.8726781e-05]
[7.775364e-06]
[7.5913886e-06]
[1.196033e-05]
[2.2174316e-05]
[2.4601382e-05]
[2.608284e-05]
[2.673479e-05]
[2.3178678e-05]
[2.1667312e-05]
[1.6322867e-05]
[1.3791393e-05]
[1.5830014e-05]
[1.9513134e-05]
[3.506232e-05]
[5.188315e-05]
[7.334362e-05]
[0.0001263]
[0.00011966]
[0.00011563]
[8.6930624e-05]
[0.00010117]
[0.00011734]
[7.253013e-05]
[4.0097253e-05]
[4.5283203e-05]
[7.2325754e-05]
[8.5735264e-05]
[9.027644e-05]
[8.779813e-05]
[9.036316e-05]
[0.00011288]
[0.00015036]
[0.00020965]
[0.00017828]
[0.00010428]
[0.00011088]
[0.00016999]
[0.00022362]
[0.00015888]
[5.3794163e-05]
[3.6973834e-05]
[4.0490882e-05]
[5.189854e-05]
[7.4009164e-05]
[3.2750206e-05]
[2.1819533e-05]
[1.7591834e-05]
[2.2234432e-05]
[2.283198e-05]
[2.6715905e-05]
[2.7276425e-05]
[4.5091012e-05]
[8.057743e-05]
[0.00010105]
[6.830839e-05]
[4.6925845e-05]
[4.5479937e-05]
[8.907914e-05]
[9.887816e-05]
[8.823053e-05]
[5.7231835e-05]
[0.00013726]
[0.00017236]
[0.00011953]
[5.906395e-05]
[3.3919656e-05]
[2.2474325e-05]
[2.4035906e-05]
[1.764673e-05]
[2.2812264e-05]
[2.8237308e-05]
[4.0569732e-05]
[2.9160454e-05]
[3.3466295e-05]
[4.959762e-05]
[2.6385633e-05]
[2.6720667e-05]
[1.6465168e-05]
[1.3318805e-05]
[1.4330205e-05]
[1.6080783e-05]
[4.3484015e-05]
[2.6789277e-05]
[2.3347593e-05]
[3.238966e-05]
[3.6145655e-05]
[3.7033646e-05]
[1.1575981e-05]
[1.2869393e-05]
[6.1053615e-06]
[4.3337773e-06]
[2.0706508e-05]
[1.1803967e-05]
[8.084071e-06]
[5.0812555e-06]
[2.1598817e-06]
[6.30354e-06]
[1.5351047e-06]
[6.887302e-07]
[3.441754e-06]
[7.333317e-06]
[1.3173598e-05]
[2.1603866e-05]
[2.4162977e-05]
[1.4889441e-05]
[5.670158e-06]
[1.2681866e-05]
[5.2335514e-07]
[5.9287447e-07]
[2.1028484e-07]
[3.637619e-07]
[1.7679157e-06]
[4.4861326e-06]
[4.7208755e-06]
[7.0496135e-06]
[5.27782e-05]
[0.00461473]
[0.00023396]
[4.4085606e-05]
[4.9628484e-06]
[2.3672928e-06]
[2.6981904e-06]
[7.730321e-06]
[4.619523e-06]
[1.1868499e-05]
[6.1059964e-06]
[1.2079207e-06]
[3.7176906e-07]
[3.9122094e-07]
[1.9506024e-06]
[1.7171675e-06]
[2.207899e-06]
[6.057324e-06]
[4.906644e-06]
[8.6716045e-06]
[5.853819e-06]
[1.0780906e-05]
[0.00010473]
[2.2843613e-05]
[3.677042e-06]
[4.0343743e-06]
[8.704673e-06]
[9.7754155e-06]
[3.343079e-06]
[2.7794974e-06]
[2.3066489e-06]
[2.3023392e-06]
[2.129111e-06]
[2.9926937e-06]
[3.2827515e-06]
[4.97e-06]
[4.782585e-06]
[5.0991243e-06]
[7.4255286e-06]
[7.996964e-06]
[6.7903097e-06]
[5.21807e-06]
[1.7319727e-06]
[1.7055862e-06]
[1.7947119e-06]
[1.4851527e-06]
[6.227787e-07]
[5.3784765e-07]
[8.18837e-07]
[9.309537e-07]
[9.228751e-07]
[1.4574179e-06]
[1.8243658e-06]
[3.6992928e-06]
[6.6835573e-06]
[6.1845913e-06]
[4.922729e-06]
[5.379295e-06]
[4.312968e-06]
[4.0303444e-06]
[2.1222368e-06]
[1.9105883e-06]
[3.7710638e-06]
[8.536311e-06]
[1.890444e-05]
[2.416164e-05]
[1.860286e-05]
[1.365082e-05]
[1.2835563e-05]
[1.4380872e-05]
[2.0283604e-05]
[1.3128899e-05]
[1.2422e-05]
[9.027365e-06]
[1.2755077e-05]
[1.5246105e-05]
[1.5958201e-05]
[1.7508502e-05]
[2.6597645e-05]
[1.7813325e-05]
[1.7921133e-05]
[1.4125257e-05]
[1.5625403e-05]
[1.4116086e-05]
[1.3149134e-05]
[1.0069283e-05]
[1.4084741e-05]
[1.2552829e-05]
[9.875573e-06]
[6.7329775e-06]
[1.0667171e-05]
[1.3994767e-05]
[2.065125e-05]
[3.675797e-05]
[7.379971e-05]
[0.00011144]
[0.00011257]
[8.3576655e-05]
[7.599986e-05]
[8.015807e-05]
[8.704784e-05]
[4.38913e-05]
[2.0275038e-05]
[2.4218321e-05]
[5.5180655e-05]
[9.513989e-05]
[8.721244e-05]
[7.412125e-05]
[3.5835317e-05]
[2.600034e-05]
[2.8080536e-05]
[2.8097948e-05]
[3.8393082e-05]
[4.1274896e-05]
[7.63797e-05]
[0.0001166]
[0.00013213]
[0.0001195]
[6.6774315e-05]
[5.0636165e-05]
[4.895344e-05]
[2.9671499e-05]
[2.9174082e-05]
[2.7565222e-05]
[2.9030516e-05]
[3.0394443e-05]
[2.9329854e-05]
[2.2101249e-05]
[1.1399752e-05]
[9.803731e-06]
[1.0494926e-05]
[5.184113e-06]
[4.886247e-06]
[7.6291653e-06]
[1.5247151e-05]
[2.8231896e-05]
[2.533579e-05]
[2.0557738e-05]
[2.2281512e-05]
[1.1098405e-05]
[6.5614845e-06]
[3.8957264e-06]
[9.526221e-06]
[1.5984931e-05]
[1.3400562e-05]
[1.112669e-05]
[8.043843e-06]
[1.083693e-05]
[2.1904158e-05]
[1.6639817e-05]
[2.1864587e-05]
[2.6557193e-05]
[2.9059627e-05]
[1.847056e-05]
[1.3111343e-05]
[1.4952278e-05]
[1.839964e-05]
[1.9245272e-05]
[1.5245451e-05]
[1.4167375e-05]
[1.4687206e-05]
[2.567294e-05]
[1.7668823e-05]
[4.7498634e-06]
[3.0050257e-06]
[4.329332e-06]
[6.707202e-06]
[9.275637e-06]
[1.6504171e-05]
[2.3435463e-05]
[1.0039998e-05]
[8.594143e-06]
[9.0461e-06]
[7.1585046e-06]
[1.0253368e-05]
[2.015601e-05]
[2.2426004e-05]
[1.6514343e-05]
[2.572941e-05]
[6.7198474e-05]
[6.752576e-05]
[6.111355e-05]
[7.2609364e-05]
[6.746371e-05]
[6.689427e-05]
[0.00010126]
[0.00020635]
[0.00026454]
[0.00051758]
[0.0002737]
[0.00027151]
[0.00016028]
[0.00013136]
[8.441004e-05]
[8.781043e-05]
[9.850886e-05]
[0.00010165]
[8.242592e-05]
[5.804913e-05]
[2.154605e-05]
[3.94307e-05]
[0.00010554]
[0.0001178]
[8.177985e-05]
[3.6262558e-05]
[1.1584506e-05]
[1.1294592e-05]
[1.392858e-05]
[1.2211039e-05]
[7.642804e-06]
[6.745471e-06]
[1.3212891e-05]
[2.3178347e-05]
[3.6433168e-05]
[4.7754682e-05]
[6.57515e-05]
[5.041713e-05]
[5.592e-05]
[4.904053e-05]
[4.9563627e-05]
[2.3339044e-05]
[2.5558735e-05]
[0.00012457]
[0.00029358]
[0.00030583]
[0.00033814]
[0.00024104]
[0.00034331]
[0.00036332]
[0.00029756]
[0.00018513]
[0.00013219]
[0.00016668]
[0.00010116]
[9.109545e-05]
[0.00029571]
[0.00050541]
[0.00058715]
[0.00092077]
[0.00075768]
[0.00124185]
[0.00275757]
[0.00222051]
[0.00026516]
[4.8942235e-05]
[2.5296702e-05]
[0.00011787]
[0.00012247]
[5.8182526e-05]
[3.484645e-05]
[3.4862704e-05]
[1.6190825e-05]
[9.151484e-06]
[8.159052e-06]
[2.2240965e-05]
[7.895811e-05]
[0.00032916]
[4.439269e-05]
[1.1528277e-05]
[3.5529981e-06]
[6.6518205e-06]
[2.2477969e-05]
[0.00016943]
[0.00044954]
[0.00022835]
[6.069422e-05]
[9.354729e-05]
[4.263559e-05]
[9.47635e-06]
[4.821654e-07]
[1.4545684e-07]
[4.3457876e-06]
[2.9304245e-05]
[1.8971064e-05]
[4.964917e-06]
[6.3880516e-06]
[7.202398e-06]
[3.6491514e-05]
[7.955791e-05]
[4.3462787e-05]
[1.3584406e-05]
[1.1730072e-05]
[1.1659419e-05]
[9.025987e-06]
[8.8201136e-07]
[6.3723445e-07]
[5.1770644e-07]
[2.3422144e-08]
[2.0950797e-07]
[9.66571e-07]
[1.8499013e-05]
[0.00016781]
[0.00029138]
[6.091212e-05]
[2.4108265e-05]
[1.2198956e-05]
[5.7454436e-06]
[3.1412023e-07]
[1.3074067e-07]
[5.6911713e-08]
[5.8088013e-08]
[1.1563932e-07]
[3.9581882e-06]
[8.503123e-05]
[0.00025668]
[5.0300765e-05]
[2.6288792e-06]
[4.2297918e-07]
[1.2890413e-07]
[2.3856378e-08]
[1.0689724e-08]
[2.7326287e-08]
[9.459472e-08]
[4.7971844e-07]
[2.0550159e-07]
[1.5702022e-07]
[3.7718515e-08]
[3.31529e-08]
[4.1369304e-08]
[1.9902288e-07]
[1.2916395e-06]
[3.260857e-06]
[3.078207e-06]
[1.0509473e-06]
[2.3909256e-06]
[2.4202041e-05]
[2.2076454e-05]
[5.3388336e-05]
[0.00012199]
[0.00027617]
[0.00025025]
[0.00027869]
[0.00054321]
[0.00024812]
[0.00026033]
[0.00032117]
[5.1216557e-05]
[3.304208e-05]
[3.347807e-05]
[0.00017156]
[0.0002446]
[0.00018173]
[0.00024596]
[0.00020696]
[0.00027835]
[0.00023587]
[0.00016809]
[0.00028022]
[0.00014011]
[0.0001356]
[7.131605e-05]
[4.46241e-05]
[2.625864e-05]
[2.9521092e-05]
[9.393391e-05]
[0.00016996]
[0.00027524]
[0.00053602]
[0.00065268]
[0.00065534]
[0.00035309]
[0.00016877]
[9.706828e-05]
[0.0001195]
[9.600807e-05]
[0.00012516]
[0.0002366]
[0.00034902]
[0.00044224]
[0.00072506]
[0.00101456]
[0.00070259]
[0.00039905]
[9.8739554e-05]
[3.6632377e-05]
[2.0061145e-05]
[1.4425692e-05]
[1.3367937e-05]
[9.569655e-06]
[1.51673885e-05]
[2.1086546e-05]
[1.0805775e-05]
[1.0830504e-05]
[2.2218619e-05]
[6.5921326e-05]
[0.00018574]
[0.00036346]
[0.00068222]
[0.00096547]
[0.0009585]
[0.001718]
[0.00174815]
[0.00122936]
[0.00048204]
[0.00052615]
[0.00065601]
[0.00094402]
[0.00087244]
[0.00080725]
[0.00037565]
[0.00025287]
[0.00012829]
[0.00021553]
[0.00019503]
[0.00030349]
[0.00064734]
[0.00081324]
[0.00059141]
[0.00018694]
[9.535443e-05]
[5.5772376e-05]
[2.2242726e-05]
[2.3433855e-05]
[1.7639291e-05]
[3.8909955e-05]
[3.7908118e-05]
[8.09089e-05]
[0.00014866]
[0.00012398]
[0.00014687]
[0.00030649]
[0.0001925]
[0.00018305]
[0.0001096]
[0.00010013]
[0.00014558]
[0.0002336]
[0.00013386]
[4.66485e-05]
[8.949217e-05]
[0.00047675]
[0.00058675]
[0.00064849]
[0.00034909]
[4.9455266e-05]
[7.843819e-05]
[0.00019072]
[0.00039559]
[0.00042192]
[0.00058557]
[0.00045094]
[0.00040074]
[0.0001646]
[0.00010211]
[4.9491835e-05]
[9.322422e-05]
[0.00012231]
[0.00011667]
[0.00026458]
[0.00061723]
[0.0003987]
[0.00039304]
[0.00014988]
[0.00013969]
[0.00012621]
[9.907325e-05]
[0.00010187]
[6.718527e-05]
[0.00014995]
[0.0002589]
[0.00016332]
[6.146944e-05]
[1.8507306e-05]
[1.5987416e-05]
[3.315116e-05]
[7.508865e-05]
[0.0001389]
[7.970014e-05]
[6.8136374e-05]
[0.00014195]
[0.00015642]
[7.5608645e-05]
[3.697884e-05]
[6.0613824e-05]
[0.0001157]
[0.00026949]
[0.00022449]
[5.8178644e-05]
[6.424347e-05]
[9.600102e-05]
[0.00010259]
[0.00013046]
[0.00011661]
[0.00017292]
[7.726656e-05]
[4.3855278e-05]
[1.5827221e-05]
[1.2572464e-05]
[2.344049e-05]
[5.302651e-05]
[6.4311935e-05]
[4.3069544e-05]
[1.4368371e-05]
[7.346652e-06]
[4.816424e-06]
[1.1998212e-05]
[1.666788e-05]
[4.691215e-05]
[5.3434836e-05]
[0.00012852]
[0.00014351]
[0.00013076]
[0.00012734]
[0.00016624]
[0.00016951]
[0.00011871]
[2.845706e-05]
[3.48774e-05]
[7.31756e-05]
[0.00025028]
[0.00034819]
[0.00017552]
[0.00013852]
[0.00011336]
[0.00013007]
[0.00011389]
[0.00010532]
[7.498246e-05]
[0.0001222]
[0.00025062]
[0.00079476]
[0.0021728]
[0.00943074]
[0.00717631]
[0.00184974]
[0.00048592]
[0.00035269]
[0.00016809]
[0.0002186]
[0.00030426]
[0.00019458]
[0.00011088]
[4.0469728e-05]
[1.614229e-05]
[2.3536788e-05]
[0.00011895]
[0.00011206]
[5.2520183e-05]
[1.5825244e-05]
[4.5951554e-05]
[5.105797e-05]
[0.00015294]
[0.00050505]
[0.00026479]
[5.7616315e-05]
[5.2722065e-05]
[2.2581962e-05]
[1.4905936e-05]
[1.7489227e-06]
[1.0486635e-06]
[1.6538552e-06]
[1.5554353e-06]
[1.0146495e-05]
[7.679123e-06]
[4.726781e-06]
[7.7348403e-07]
[1.8477205e-07]
[4.2415095e-08]
[4.558372e-08]
[3.4607698e-08]
[1.7119238e-07]
[1.0218948e-06]
[3.125233e-05]
[0.00053235]
[0.00044497]
[9.831714e-05]
[6.346086e-05]
[2.3506505e-05]
[1.1455835e-05]
[1.1388976e-06]
[5.480706e-06]
[1.7527062e-05]
[1.4779068e-05]
[1.3541115e-05]
[1.0202979e-06]
[1.0876742e-07]
[8.0586705e-07]
[1.881694e-06]
[4.930383e-06]
[6.0619527e-06]
[8.277474e-06]
[5.6021574e-05]
[2.6287305e-05]
[1.5975575e-05]
[1.5660698e-05]
[1.2084405e-05]
[9.228912e-05]
[3.3276145e-05]
[1.2468429e-05]
[7.751117e-06]
[3.030883e-06]
[1.7679984e-06]
[8.8189944e-07]
[2.402314e-07]
[8.2504283e-07]
[7.292473e-07]
[2.627984e-07]
[4.70859e-08]
[3.2445943e-08]
[1.8977131e-08]
[1.0420569e-08]
[6.8816797e-09]
[1.5641964e-08]
[1.9741526e-08]
[6.819799e-08]
[4.3842537e-08]
[2.2661295e-07]
[3.8819604e-07]
[8.524113e-07]
[1.0558578e-06]
[1.7952889e-06]
[1.2972475e-06]
[3.4245256e-06]
[4.6674063e-06]
[5.2840245e-05]
[0.00016744]
[0.00042013]
[0.0007333]
[0.00105355]
[0.00100019]
[0.00092658]
[0.00049761]
[0.00030806]
[8.1490645e-05]
[6.4811924e-05]
[5.9972564e-05]
[6.628302e-05]
[0.0001332]
[0.00010397]
[4.9637554e-05]
[7.189728e-05]
[0.00010743]
[0.00021401]
[0.0001263]
[0.00029222]
[0.00015654]
[0.00010829]
[5.5480145e-05]
[8.7305714e-05]
[9.8229706e-05]
[0.00022728]
[0.00037617]
[0.00038906]
[0.0004784]
[0.00097824]
[0.00098242]
[0.00090507]
[0.00076389]
[0.00026844]
[0.00011822]
[6.486726e-05]
[3.7704056e-05]
[3.0697774e-05]
[1.9905656e-05]
[2.6133755e-05]
[2.3046892e-05]
[1.0918988e-05]
[1.2534562e-05]
[1.3601582e-05]
[3.4483575e-05]
[0.00010728]
[0.00020174]
[0.00019547]
[0.00020001]
[0.00016172]
[0.00018321]
[0.00024749]
[0.00045893]
[0.00091407]
[0.0009812]
[0.00057072]
[0.00049198]
[0.00025723]
[0.00014901]
[0.00014938]
[0.00027023]
[0.00058026]
[0.00109969]
[0.000855]
[0.0006398]
[0.00025557]
[0.00026281]
[0.0003156]
[0.0007433]
[0.0022907]
[0.00093265]
[0.00018766]
[5.1740408e-05]
[4.2906096e-05]
[6.039532e-05]
[1.8707522e-05]
[1.7905639e-05]
[2.6302276e-05]
[6.367357e-05]
[9.955776e-05]
[5.2308656e-05]
[5.736221e-05]
[7.1477334e-05]
[8.095382e-05]
[9.235928e-05]
[0.00011887]
[0.00024038]
[0.00030655]
[0.00015384]
[0.00019122]
[0.00019793]
[0.00012002]
[7.459591e-05]
[0.00011743]
[0.00035918]
[0.00120249]
[0.00161645]
[0.00100059]
[0.00070481]
[0.00046207]
[0.00018184]
[8.997709e-05]
[0.00010015]
[0.00031285]
[0.00044647]
[0.00046066]
[0.00039643]
[0.00028815]
[0.00043294]
[0.00061846]
[0.00052377]
[0.00034141]
[0.00024531]
[0.0002129]
[0.00016795]
[0.00021054]
[0.00029383]
[0.00025451]
[0.00011897]
[5.3571424e-05]
[0.00011582]
[0.00034451]
[0.0002838]
[0.00019538]
[0.00014769]
[9.094885e-05]
[0.00010389]
[8.187778e-05]
[6.766312e-05]
[9.028917e-05]
[0.00010819]
[6.3041836e-05]
[5.681969e-05]
[8.6374115e-05]
[0.00013492]
[0.00011282]
[7.602393e-05]
[5.9769885e-05]
[7.5827425e-05]
[0.00011508]
[0.00036283]
[0.00064704]
[0.00059867]
[0.00026974]
[8.477959e-05]
[2.6788433e-05]
[1.3312977e-05]
[1.5746886e-05]
[5.109777e-05]
[0.00013788]
[8.424238e-05]
[3.8477752e-05]
[5.169809e-05]
[4.087793e-05]
[3.5516296e-05]
[1.4129312e-05]
[1.2204274e-05]
[2.6231935e-05]
[6.374507e-05]
[0.0001328]
[0.00010389]
[9.495491e-05]
[0.00027756]
[0.00018862]
[0.00023069]
[0.00024218]
[0.00024682]
[0.00025242]
[0.0001637]
[0.00023001]
[0.00026172]
[0.00020047]
[0.00029602]
[0.00054569]
[0.00088246]
[0.00054159]
[0.00020261]
[4.9296494e-05]
[7.0867056e-05]
[7.3353476e-05]
[0.00014343]
[0.00022506]
[0.00098109]
[0.0012252]
[0.00035182]
[0.0001085]
[0.00011523]
[0.00015468]
[0.00037687]
[0.00047252]
[0.00020815]
[0.00024703]
[0.00033702]
[0.00030766]
[2.4161387e-05]
[2.5955474e-06]
[9.400017e-07]
[7.382932e-07]
[1.8325003e-06]
[3.9033466e-06]
[2.3815566e-05]
[0.00031656]
[0.00103901]
[0.00442613]
[0.00390593]
[0.00268889]
[0.00096078]
[2.5383772e-05]
[1.0154491e-05]
[5.591207e-06]
[4.2625948e-06]
[1.3006035e-06]
[2.3365023e-06]
[5.079923e-06]
[1.9208272e-05]
[1.0113948e-05]
[3.5897543e-07]
[1.3790687e-07]
[1.2011214e-06]
[1.2438679e-05]
[1.9996774e-05]
[5.4066328e-05]
[3.234731e-05]
[1.7753391e-05]
[5.0031795e-06]
[4.379605e-06]
[1.3613304e-06]
[9.535288e-07]
[1.6631776e-07]
[1.3983943e-06]
[1.3103828e-06]
[5.208981e-06]
[6.55278e-06]
[9.65434e-05]
[0.00094163]
[0.00510777]
[0.00293689]
[0.00065127]
[3.099866e-05]
[5.2163136e-06]
[2.2634715e-06]
[1.5147928e-06]
[7.5584104e-08]
[3.2121743e-08]
[8.3577206e-08]
[7.6258385e-07]
[3.616726e-06]
[7.799552e-06]
[1.3564807e-05]
[3.1117015e-05]
[1.681635e-05]
[2.728837e-05]
[6.7967558e-06]
[7.5346304e-07]
[2.9712353e-07]
[4.4885917e-07]
[1.6320031e-06]
[1.1737654e-06]
[3.0743297e-07]
[3.597876e-08]
[1.7532175e-08]
[9.838035e-09]
[3.404866e-09]
[4.623588e-09]
[7.661066e-09]
[1.2014471e-08]
[3.5373297e-08]
[2.671706e-08]
[2.4012374e-07]
[1.2001527e-06]
[2.7180017e-06]
[3.4750717e-06]
[4.120966e-06]
[2.0225232e-05]
[3.886249e-05]
[5.4927023e-05]
[5.9093134e-05]
[3.3055127e-05]
[4.916279e-05]
[5.1489427e-05]
[3.9977516e-05]
[7.294972e-05]
[6.31269e-05]
[0.00020685]
[0.0002815]
[0.00053549]
[0.00027431]
[0.00023868]
[0.00021678]
[0.00050747]
[0.00080249]
[0.00140954]
[0.00078638]
[0.00077746]
[0.00063558]
[0.00048246]
[0.00026133]
[0.00014309]
[8.3264975e-05]
[0.00013404]
[3.792341e-05]
[2.186296e-05]
[1.8680852e-05]
[1.4058827e-05]
[5.581973e-05]
[9.522368e-05]
[0.00030378]
[0.00047477]
[0.0005763]
[0.00028453]
[0.0001244]
[0.00020917]
[0.00035624]
[0.00031837]
[0.00018538]
[7.181717e-05]
[8.788541e-05]
[0.00019551]
[0.00049463]
[0.0003025]
[8.252659e-05]
[7.7549645e-05]
[0.00013839]
[0.00021027]
[0.00014755]
[7.6826094e-05]
[5.032629e-05]
[4.2951455e-05]
[5.751338e-05]
[3.09656e-05]
[2.2641216e-05]
[1.8092545e-05]
[2.6998663e-05]
[5.0218518e-05]
[4.9854687e-05]
[9.813374e-05]
[0.00020916]
[0.00018936]
[0.00025803]
[0.00024563]
[0.00025526]
[0.00027868]
[0.00033357]
[0.00058216]
[0.00061775]
[0.00075734]
[0.0011708]
[0.00054673]
[0.00069969]
[0.00064525]
[0.00060994]
[0.00045644]
[0.00050335]
[0.00023947]
[0.00027936]
[0.00021477]
[0.00013885]
[0.00016762]
[0.00049442]
[0.00032907]
[0.00029552]
[0.00013509]
[0.00025243]
[0.00017263]
[6.573106e-05]
[2.2663598e-05]
[1.29270575e-05]
[1.747599e-05]
[4.8229645e-05]
[4.6831516e-05]
[5.9385136e-05]
[3.7201604e-05]
[8.575751e-05]
[0.0003638]
[0.0007679]
[0.0005584]
[0.00021252]
[6.716298e-05]
[0.00012196]
[0.0001044]
[0.00034279]
[0.00068143]
[0.00104949]
[0.00089681]
[0.00063321]
[0.00042809]
[0.00058614]
[0.00053854]
[0.00069282]
[0.00062778]
[0.00073236]
[0.00054173]
[0.00026116]
[0.00011015]
[5.279612e-05]
[5.390046e-05]
[0.00022098]
[0.00058297]
[0.00076657]
[0.00061124]
[0.00016439]
[0.00013543]
[0.00015748]
[0.00011619]
[6.84525e-05]
[2.1718763e-05]
[1.2225196e-05]
[2.5428328e-05]
[3.4676756e-05]
[6.471027e-05]
[0.00013125]
[0.00022692]
[0.00019176]
[0.00018191]
[0.00010236]
[0.00011168]
[6.546845e-05]
